334 318.885 
350 340 
368 326 
352 304.885
320 325.363 
328 350 
353 342 
345 317.363
301 321.21 
296 346 
324 352 
329 327.21
283 311.752 
271 334 
294 346 
306 323.752
283 299.368 
255 316 
265 333 
293 316.368
272 304.445 
250 301 
254 275 
276 278.445
275 247.426 
291 267 
273 282 
257 262.426
296 240.101 
302 259 
282 265 
276 246.101
313 231.848 
318 251 
297 256 
292 236.848
342 233.949 
335 255 
313 248 
320 226.949
366 247.183 
352 265 
335 252 
349 234.183
377 276.9 
359 283 
352 262 
370 255.9
376 315.122 
353 307 
363 279 
386 287.122
