264 283.497 
304 255.497 
287 231 
247 259
267 280.146 
303 252.146 
287 232 
251 260
268 285.143 
300 264.143 
280 234 
248 255
353 249.346 
360 284.346 
337 289 
330 254
346 240.807 
370 279.807 
352 291 
328 252
346 243.248 
370 287.248 
354 296 
330 252
355 237.22 
374 283.22 
350 293 
331 247
350 234.617 
374 281.617 
348 295 
324 248
264 273.492 
277 263 
262 245 
249 255.492
272 232.528 
259 246 
275 261 
288 247.528
360 247.726 
367 264 
356 269 
349 252.726
342 251.971 
360 263 
354 273 
336 261.971
377 257.293 
366 270 
356 261 
367 248.293
382 270.785 
362 275 
359 261 
379 256.785
377 276 
365 264 
357 272 
369 284
366 286.117 
365 268 
349 269 
350 287.117
288 321 
268 301 
286 283 
306 303
294 317.5 
276 300 
251 325 
269 342.5
306 277 
289 291 
275 274 
292 260
333 293.339 
325 266 
305 272 
313 299.339
324 324.826 
338 305 
320 292 
306 311.826
332 335.035 
350 315 
334 301 
316 321.035
