222 262.641 
317 344.641 
385 266 
290 184
283 332.475 
384 279.475 
339 193 
238 246
348 313.032 
349 205 
264 204 
263 312.032
325 245.594 
289 243 
290 229 
326 231.594
316 240.928 
317 212 
297 211 
296 239.928
328 231.294 
302 207 
285 225 
311 249.294
309 250.93 
332 225 
315 210 
292 235.93
328 231.515 
283 236 
281 216 
326 211.515
246 288.304 
364 292 
366 228 
248 224.304
258 275.21 
344 278 
345 247 
259 244.21
259 303.889 
347 298 
345 268 
257 273.889
362 236.337 
328 334 
241 304 
275 206.337
