327 242.003 
363 291.003 
333 313 
297 264
291 279.708 
237 309.708 
218 276 
272 246
312 269.091 
310 312.091 
265 310 
267 267
369 254.765 
324 257.765 
322 235 
367 232
223 271.53 
294 258.53 
290 234 
219 247
259 313.531 
299 278.531 
274 250 
234 285
356 230 
334 252 
313 231 
335 209
323 200.339 
321 234 
275 231 
277 197.339
282 196 
297 226 
263 243 
248 213
244 207.612 
275 227 
258 254 
227 234.612
321 315.453 
328 188 
255 184 
248 311.453
366 263.761 
259 188 
220 243 
327 318.761
366 268 
217 268 
217 223 
366 223
352 228.403 
253 308 
212 257 
311 177.403
