252 258.295 
329 238.295 
325 224 
248 244
252 273.175 
329 256.175 
321 219 
244 236
259 269.095 
332 246.095 
324 220 
251 243
239 249.938 
326 256.938 
328 235 
241 228
319 213.057 
296 211 
297 200 
320 202.057
295 232.818 
286 218 
297 211 
306 225.818
286 234.36 
284 217 
270 219 
272 236.36
264 239.6 
271 218 
259 214 
252 235.6
246 230.84 
263 218 
254 206 
237 218.84
247 188.5 
259 200 
250 209 
238 197.5
268 176.266 
271 194 
258 196 
255 178.266
286 175.256 
283 194 
272 192 
275 173.256
306 183.385 
295 200 
283 192 
294 175.385
