357 244.2 
348 263 
368 273 
377 254.2
344 236.511 
333 254 
354 267 
365 249.511
324 229.095 
316 248 
339 258 
347 239.095
311 224.493 
304 242 
325 250 
332 232.493
292 218.509 
286 231 
309 242 
315 229.509
259 234.372 
272 244 
282 231 
269 221.372
345 272.081 
344 287 
365 288 
366 273.081
320 266.207 
318 286 
343 288 
345 268.207
300 269.86 
301 285 
325 284 
324 268.86
280 265.031 
279 279 
300 281 
301 267.031
290 212.885 
292 237 
271 239 
269 214.885
251 284.805 
281 261 
269 246 
239 269.805
363 327.132 
394 252 
353 235 
322 310.132
343 316.332 
371 239 
330 224 
302 301.332
317 312.326 
348 226 
312 213 
281 299.326
297 307.195 
322 218 
290 209 
265 298.195
