277 245.314 
362 255.314 
367 210 
282 200
265 227.765 
372 260.765 
387 213 
280 180
266 217.833 
366 249.833 
377 215 
277 183
274 234.506 
374 248.506 
380 208 
280 194
367 218.744 
282 183 
295 152 
380 187.744
369 197.266 
293 177 
301 147 
377 167.266
361 227.766 
284 211 
291 179 
368 195.766
362 262 
280 262 
280 235 
362 235
363 286 
273 286 
273 256 
363 256
367 293.414 
279 296 
278 262 
366 259.414
318 185.414 
299 178 
307 157 
326 164.414
314 204.603 
294 197 
299 184 
319 191.603
308 223.619 
289 215 
297 197 
316 205.619
309 234.228 
289 228 
294 212 
314 218.228
354 203.083 
333 194 
344 169 
365 178.083
350 222.503 
326 210 
335 193 
359 205.503
350 227.459 
327 226 
328 210 
351 211.459
308 250.855 
285 252 
284 232 
307 230.855
316 277 
288 277 
288 256 
316 256
310 258.981 
289 263 
286 247 
307 242.981
319 296.583 
292 298 
291 279 
318 277.583
351 266 
328 266 
328 237 
351 237
354 292.178 
331 294 
329 269 
352 267.178
