371 252.158 
360 260 
374 279 
385 271.158
352 234.178 
342 254 
365 266 
375 246.178
338 223.802 
328 242 
349 253 
359 234.802
314 226.159 
313 246 
337 247 
338 227.159
289 220.94 
293 246 
321 242 
317 216.94
268 231.106 
279 254 
302 243 
291 220.106
250 241.195 
265 262 
285 248 
270 227.195
233 256.455 
253 273 
269 254 
249 237.455
223 276.965 
248 287 
257 265 
232 254.965
218 306.544 
242 309 
245 280 
221 277.544
220 331.405 
246 324 
239 299 
213 306.405
241 321.23 
221 333 
236 359 
256 347.23
246 340.959 
233 358 
256 376 
269 358.959
262 355.103 
253 377 
278 387 
287 365.103
282 363.524 
280 387 
306 389 
308 365.524
298 359.779 
305 390 
335 383 
328 352.779
341 377.429 
328 355 
347 344 
360 366.429
367 359.106 
349 343 
363 327 
381 343.106
387 334.453 
364 328 
372 300 
395 306.453
389 272.466 
371 275 
375 304 
393 301.466
