261 220.36 
368 240.36 
374 206 
267 186
260 220.799 
384 241.799 
393 187 
269 166
269 226.875 
373 240.875 
381 182 
277 168
361 187.94 
275 167 
283 134 
369 154.94
357 212.811 
270 201 
275 164 
362 175.811
361 248.69 
270 255 
268 226 
359 219.69
357 283.524 
266 275 
269 243 
360 251.524
314 180.563 
285 168 
296 143 
325 155.563
307 195.902 
286 187 
297 161 
318 169.902
305 219.929 
278 214 
284 187 
311 192.929
310 235.254 
278 244 
272 222 
304 213.254
311 257.007 
280 260 
278 239 
309 236.007
315 272.679 
283 276 
281 257 
313 253.679
352 189.031 
327 185 
332 154 
357 158.031
351 210.759 
327 208 
330 182 
354 184.759
353 245.773 
321 247 
320 221 
352 219.773
350 273 
322 273 
322 243 
350 243
