342 273.621 
378 288.621 
385 273 
349 258
341 271.698 
372 287.698 
380 273 
349 257
342 277.554 
373 289.554 
381 270 
350 258
349 272.903 
306 286.903 
300 268 
343 254
353 276.241 
318 290.241 
309 268 
344 254
378 273.769 
368 267 
362 276 
372 282.769
356 257.234 
368 263 
362 276 
350 270.234
345 272.5 
328 278 
324 266 
341 260.5
318 285.036 
332 279 
325 263 
311 269.036
341 274.574 
328 285 
337 296 
350 285.574
353 274 
366 287 
355 298 
342 285
340 319.541 
330 314 
336 303 
346 308.541
344 319.2 
357 315 
352 300 
339 304.2
