284 260.004 
384 258.004 
383 217 
283 219
282 258.426 
375 269.426 
379 233 
286 222
279 278.842 
361 285.842 
366 224 
284 217
373 302.154 
294 312 
289 272 
368 262.154
366 235.119 
289 223 
297 172 
374 184.119
361 198.437 
342 196 
345 173 
364 175.437
360 230.05 
337 227 
340 204 
363 207.05
306 171.594 
327 176 
321 205 
300 200.594
296 202.149 
318 206 
313 235 
291 231.149
359 223.903 
338 221 
335 243 
356 245.903
360 194 
342 194 
342 215 
360 215
297 210.138 
317 216 
308 246 
288 240.138
300 187.034 
322 196 
314 216 
292 207.034
