398 230.978 
393 267 
426 272 
431 235.978
386 227.798 
378 263 
404 269 
412 233.798
368 224.229 
367 267 
399 268 
400 225.229
175 196.269 
168 233 
193 238 
200 201.269
156 203.838 
152 228 
182 233 
186 208.838
333 209.721 
322 266 
353 272 
364 215.721
303 208.865 
301 265 
332 266 
334 209.865
287 205.293 
279 263 
309 267 
317 209.293
260 202.197 
255 259 
288 262 
293 205.197
237 198.523 
230 256 
262 260 
269 202.523
214 196.266 
207 251 
238 255 
245 200.266
