343 299.582 
365 320 
383 301 
361 280.582
345 336.118 
328 307 
348 295 
365 324.118
313 336.407 
311 311 
335 309 
337 334.407
288 344.034 
287 315 
314 314 
315 343.034
266 310.147 
259 334 
289 343 
296 319.147
254 293.875 
234 313 
253 333 
273 313.875
248 280.965 
220 293 
230 316 
258 303.965
244 286.329 
214 283 
217 256 
247 259.329
246 263.343 
220 253 
229 230 
255 240.343
249 204.593 
269 227 
251 243 
231 220.593
282 197.324 
289 220 
262 228 
255 205.324
304 188.152 
307 211 
285 214 
282 191.152
304 187.188 
299 209 
329 216 
334 194.188
335 194.349 
327 211 
349 221 
357 204.349
368 203.853 
346 217 
358 237 
380 223.853
378 224.732 
361 230 
368 253 
385 247.732
393 236.522 
370 235 
368 265 
391 266.522
395 267.2 
373 256 
358 286 
380 297.2
