280 257.099 
297 275 
310 263 
293 245.099
269 272.764 
290 286 
302 267 
281 253.764
288 281.333 
268 285 
273 312 
293 308.333
290 297.272 
271 307 
282 328 
301 318.272
295 311.204 
281 326 
301 345 
315 330.204
306 322.992 
304 345 
327 347 
329 324.992
325 323.361 
330 348 
354 343 
349 318.361
351 309.822 
373 318 
380 299 
358 290.822
352 301.757 
311 264 
332 241 
373 278.757
344 302.077 
371 261 
332 235 
305 276.077
397 268.718 
388 220 
335 230 
344 278.718
