271 257.906 
361 258.906 
361 217 
271 216
275 253.135 
355 257.135 
357 211 
277 207
279 253.875 
349 254.875 
350 204 
280 203
286 287.153 
364 277.153 
360 249 
282 259
360 206 
273 194 
277 165 
364 177
346 249.145 
272 235 
281 188 
355 202.145
366 304.199 
282 307 
281 277 
365 274.199
308 201.218 
284 194 
291 171 
315 178.218
313 218.631 
284 220 
283 199 
312 197.631
308 241 
287 241 
287 223 
308 223
314 281.032 
290 282 
289 257 
313 256.032
325 309.659 
290 315 
286 289 
321 283.659
346 271.162 
323 276 
319 257 
342 252.162
349 306.845 
318 308 
317 281 
348 279.845
351 202.059 
323 195 
329 171 
357 178.059
349 232.346 
317 226 
322 201 
354 207.346
346 246.885 
322 242 
326 222 
350 226.885
