280 348.824 
329 333.824 
316 291 
267 306
273 307.097 
326 298.097 
334 344 
281 353
310 301.919 
308 318 
295 316 
297 299.919
319 309 
306 322 
299 315 
312 302
291 303.415 
302 312 
294 322 
283 313.415
285 334.851 
297 326 
292 319 
280 327.851
303 336 
303 324 
291 324 
291 336
317 332.431 
307 319 
298 326 
308 339.431
324 314.616 
304 311 
302 322 
322 325.616
281 309.32 
299 311 
298 322 
280 320.32
314 349.89 
319 290 
281 287 
276 346.89
327 301.045 
275 298 
273 332 
325 335.045
305 288.098 
328 331 
300 346 
277 303.098
289 342.943 
330 321 
315 293 
274 314.943
