317 240.827 
314 258 
340 263 
343 245.827
305 233.616 
299 252 
322 260 
328 241.616
285 229.793 
283 248 
305 251 
307 232.793
272 221.731 
266 242 
284 247 
290 226.731
252 221.233 
248 236 
267 241 
271 226.233
243 231.431 
231 246 
247 259 
259 244.431
253 241.48 
241 257 
261 272 
273 256.48
274 256 
264 271 
282 283 
292 268
286 267.174 
279 283 
298 291 
305 275.174
300 275.726 
292 293 
313 303 
321 285.726
357 319.842 
343 281 
323 288 
337 326.842
370 254.44 
340 277 
325 257 
355 234.44
265 291.768 
287 217 
253 207 
231 281.768
300 305.804 
322 221 
291 213 
269 297.804
324 322.289 
353 237 
318 225 
289 310.289
275 303.598 
300 222 
267 212 
242 293.598
