306 208.809 
299 229 
316 235 
323 214.809
279 229.815 
292 241 
305 226 
292 214.815
269 248.488 
285 256 
296 232 
280 224.488
264 260.838 
280 267 
288 246 
272 239.838
258 269.714 
274 278 
284 259 
268 250.714
252 281.6 
269 290 
278 272 
261 263.6
309 247.973 
326 259 
337 242 
320 230.973
302 265.691 
319 274 
330 251 
313 242.691
288 276.048 
306 284 
315 264 
297 256.048
282 290.397 
298 299 
311 275 
295 266.397
267 295.073 
281 313 
296 301 
282 283.073
351 231.4 
316 243 
310 225 
345 213.4
257 251.105 
323 292 
302 326 
236 285.105
261 235 
329 269 
314 299 
246 265
275 205.096 
346 242 
333 267 
262 230.096
295 172.751 
359 206 
343 237 
279 203.751
