294 278.022 
344 276.022 
345 290 
295 292
299 252.893 
343 257.893 
341 276 
297 271
292 270.948 
341 272.948 
340 291 
291 289
293 253.164 
346 256.164 
345 272 
292 269
296 272.984 
343 273.984 
343 285 
296 284
294 265.644 
344 269.644 
342 289 
292 285
293 268.986 
341 269.986 
341 285 
293 284
291 260.909 
342 261.909 
342 281 
291 280
296 262.031 
341 261.031 
341 278 
296 279
293 276.944 
349 280.944 
348 298 
292 294
295 256.945 
341 258.945 
340 276 
294 274
289 275.07 
336 274.07 
336 287 
289 288
303 241.844 
342 245.844 
340 270 
301 266
299 264.027 
341 268.027 
339 292 
297 288
