241 257.776 
284 268.776 
289 249 
246 238
238 262.163 
274 273.163 
280 252 
244 241
241 272.042 
276 273.042 
277 255 
242 254
242 269.541 
307 274.541 
309 249 
244 244
246 267.135 
309 277.135 
313 251 
250 241
247 277.563 
316 273.563 
314 247 
245 251
269 216.682 
289 238 
271 255 
251 233.682
248 242.078 
272 243 
271 269 
247 268.078
250 292.037 
271 288 
266 262 
245 266.037
308 266.187 
277 258 
282 239 
313 247.187
308 275 
278 275 
278 256 
308 256
295 299.765 
272 286 
281 271 
304 284.765
