295 363.949 
350 333.949 
327 291 
272 321
323 281.303 
355 325.303 
311 357 
279 313
334 327 
317 327 
317 315 
334 315
322 296 
322 322 
309 322 
309 296
307 301.231 
317 316 
308 322 
298 307.231
294 326 
309 326 
309 317 
294 317
304 345.66 
314 328 
305 323 
295 340.66
330 339.154 
319 323 
310 329 
321 345.154
318 345.844 
320 327 
309 326 
307 344.844
335 312.986 
320 324 
315 317 
330 305.986
351 331.152 
315 284 
285 307 
321 354.152
308 353.459 
345 318 
318 290 
281 325.459
334 298.111 
330 354 
292 351 
296 295.111
343 344.514 
282 346 
281 305 
342 303.514
