235 281.859 
269 283.859 
270 260 
236 258
238 286.351 
277 288.351 
278 266 
239 264
269 212.444 
295 248.444 
275 263 
249 227
289 305.5 
262 327.5 
245 307 
272 285
228 288.259 
263 275 
271 296 
236 309.259
260 228.691 
284 251 
266 270 
242 247.691
306 263.871 
308 219 
280 218 
278 262.871
328 255.205 
329 220 
301 219 
300 254.205
336 268.49 
354 238 
332 225 
314 255.49
303 320 
303 296 
279 296 
279 320
299 323.18 
300 296 
272 295 
271 322.18
326 319.681 
324 295 
303 297 
305 321.681
