264 251.964 
347 271.964 
356 234 
273 214
259 252.745 
366 277.745 
378 226 
271 201
262 237.426 
359 283.426 
373 253 
276 207
257 272.284 
361 277.284 
364 217 
260 212
356 286.872 
263 283 
264 259 
357 262.872
355 316.65 
262 310 
264 282 
357 288.65
354 234.945 
279 207 
291 175 
366 202.945
356 249.28 
269 239 
273 205 
360 215.28
319 207.633 
289 195 
299 171 
329 183.633
303 231.477 
279 219 
295 188 
319 200.477
295 253.647 
270 242 
281 218 
306 229.647
345 218.639 
315 203 
326 182 
356 197.639
352 231.604 
315 225 
318 208 
355 214.604
341 261.725 
309 252 
316 229 
348 238.725
