331 221.652 
329 239 
346 241 
348 223.652
354 225.5 
341 238 
352 249 
365 236.5
283 247.219 
299 262 
312 248 
296 233.219
279 257.927 
295 271 
307 256 
291 242.927
268 272.839 
285 284 
296 267 
279 255.839
258 286.247 
272 299 
287 282 
273 269.247
251 298.056 
263 309 
278 292 
266 281.056
336 266.838 
349 276 
360 260 
347 250.838
321 274 
337 289 
352 273 
336 258
307 276.115 
320 295 
337 283 
324 264.115
295 295.803 
310 314 
322 304 
307 285.803
277 307.122 
293 327 
308 315 
292 295.122
325 208.597 
331 241 
314 244 
308 211.597
373 254.491 
343 258 
341 241 
371 237.491
315 321.289 
264 273 
243 295 
294 343.289
333 304.678 
273 255 
254 278 
314 327.678
341 288.399 
286 241 
267 263 
322 310.399
358 274.021 
301 226 
279 252 
336 300.021
