269 235.398 
280 248 
295 235 
284 222.398
257 256.6 
274 265 
287 239 
270 230.6
251 278.507 
274 281 
277 253 
254 250.507
273 275.639 
253 287 
266 310 
286 298.639
283 289.32 
268 309 
288 324 
303 304.32
297 296.731 
292 323 
320 328 
325 301.731
350 313.538 
334 290 
316 302 
332 325.538
367 295.796 
349 280 
335 296 
353 311.796
375 259.91 
351 257 
348 282 
372 284.91
361 231 
345 247 
356 258 
372 242
335 213.401 
327 235 
349 243 
357 221.401
307 212.832 
309 236 
337 234 
335 210.832
288 218.9 
294 236 
315 229 
309 211.9
