305 155.981 
332 163 
338 140 
311 132.981
302 169.24 
328 173 
331 152 
305 148.24
247 359.48 
282 368 
274 401 
239 392.48
285 349.716 
253 340 
244 370 
276 379.716
287 330.4 
252 326 
249 350 
284 354.4
319 298.33 
252 279 
243 310 
310 329.33
307 308.897 
249 287 
260 258 
318 279.897
323 280.032 
257 268 
263 235 
329 247.032
326 253.386 
265 242 
270 215 
331 226.386
329 232.27 
272 219 
279 189 
336 202.27
335 209.115 
279 198 
284 173 
340 184.115
