257 288.061 
323 297.061 
327 271 
261 262
258 297.06 
327 299.06 
328 267 
259 265
258 288.992 
291 291.992 
293 269 
260 266
259 292.262 
295 294.262 
296 271 
260 269
260 292.945 
293 291.945 
292 265 
259 266
257 288.928 
291 290.928 
292 270 
258 268
281 234.32 
303 251 
288 271 
266 254.32
270 322.664 
297 311 
286 286 
259 297.664
325 273.634 
301 276 
299 256 
323 253.634
322 302.917 
300 302 
301 278 
323 278.917
317 322.776 
296 313 
302 300 
323 309.776
312 231.34 
310 256 
296 255 
298 230.34
283 336.703 
304 307 
290 297 
269 326.703
