303 215.289 
325 225 
334 205 
312 195.289
297 233.068 
318 241 
327 217 
306 209.068
295 257.757 
314 261 
318 237 
299 233.757
282 271.558 
307 278 
314 251 
289 244.558
360 235.064 
333 231 
337 204 
364 208.064
358 254.114 
332 251 
335 226 
361 229.114
355 276.924 
330 275 
332 249 
357 250.924
352 299.245 
327 292 
333 271 
358 278.245
360 325.84 
337 281 
316 292 
339 336.84
275 304.531 
315 294 
310 275 
270 285.531
289 243.666 
374 262 
382 225 
297 206.666
282 256.151 
369 287 
381 253 
294 222.151
274 282.217 
357 308 
367 276 
284 250.217
262 303.447 
351 340 
365 306 
276 269.447
