319 239.817 
295 324.817 
264 316 
288 231
319 231.515 
305 318.515 
271 313 
285 226
317 239.376 
309 319.376 
275 316 
283 236
295 309.735 
294 291 
268 293 
269 311.735
281 314.21 
285 294 
266 290 
262 310.21
296 278.153 
296 291 
267 290 
267 277.153
302 253.483 
287 260 
284 253 
299 246.483
289 242.941 
291 253 
282 255 
280 244.941
267 264.434 
283 263 
282 252 
266 253.434
285 274.762 
291 265 
279 258 
273 267.762
306 288 
323 271 
311 259 
294 276
308 304 
308 278 
295 278 
295 304
303 243.674 
294 277 
265 269 
274 235.674
301 319.34 
306 277 
262 272 
257 314.34
346 310.938 
348 269 
322 268 
320 309.938
369 308.842 
371 263 
342 262 
340 307.842
393 334 
393 260 
356 260 
356 334
