291 291.478 
290 335.478 
269 335 
270 291
307 299.559 
301 344.559 
267 340 
273 295
314 299.008 
309 347.008 
271 343 
276 295
230 304.991 
275 306.991 
276 280 
231 278
307 302.769 
342 322.769 
352 305 
317 285
297 299.464 
325 338.464 
347 323 
319 284
260 335.788 
277 309 
258 297 
241 323.788
242 324.098 
265 305 
255 293 
232 312.098
264 259.684 
276 277 
260 288 
248 270.684
277 245.256 
288 261 
271 273 
260 257.256
341 256.58 
318 267 
312 254 
335 243.58
344 286 
320 286 
320 266 
344 266
347 308 
322 308 
322 280 
347 280
339 338.889 
329 294 
296 301 
306 345.889
