378 169.478 
397 191 
413 177 
394 155.478
362 175.033 
385 201 
405 183 
382 157.033
355 177.531 
377 206 
394 193 
372 164.531
182 305.683 
204 333 
179 353 
157 325.683
189 298.822 
209 330 
189 343 
169 311.822
199 290.806 
222 317 
199 337 
176 310.806
225 262.713 
263 303 
245 320 
207 279.713
284 298.656 
244 247 
222 264 
262 315.656
300 287.659 
261 233 
237 250 
276 304.659
321 270.483 
280 215 
253 235 
294 290.483
330 262.011 
296 207 
272 222 
306 277.011
350 253.181 
310 195 
288 210 
328 268.181
364 238.308 
326 182 
302 198 
340 254.308
