279 209.698 
379 250.698 
391 221 
291 180
261 235.772 
390 269.772 
407 205 
278 171
277 229.699 
391 259.699 
404 209 
290 179
278 229.233 
366 247.233 
375 205 
287 187
373 260.596 
277 258 
278 221 
374 223.596
371 288.899 
281 286 
282 255 
372 257.899
379 196.598 
299 162 
312 132 
392 166.598
371 232.101 
282 200 
296 161 
385 193.101
371 222.765 
283 170 
301 140 
389 192.765
328 167.569 
310 158 
317 145 
335 154.569
320 182.637 
304 175 
312 158 
328 165.637
315 203.294 
296 192 
305 177 
324 188.294
309 218.514 
290 205 
300 191 
319 204.514
368 180.206 
339 171 
346 149 
375 158.206
365 188.226 
336 180 
340 166 
369 174.226
358 201.655 
334 192 
338 182 
362 191.655
352 219.276 
326 209 
334 189 
360 199.276
