351 309.164 
395 289.164 
389 275 
345 295
356 320.418 
399 297.418 
385 271 
342 294
359 323.967 
401 288.967 
384 269 
342 304
379 278.5 
350 307 
334 291 
363 262.5
368 276.976 
342 299 
330 285 
356 262.976
362 267.38 
337 290 
325 277 
350 254.38
403 287.104 
388 299 
379 288 
394 276.104
363 325.899 
372 312 
358 303 
349 316.899
347 294.595 
363 297 
361 310 
345 307.595
390 278.662 
387 290 
376 287 
379 275.662
386 314.212 
372 302 
366 309 
380 321.212
388 311.141 
378 296 
389 289 
399 304.141
