370 283.479 
358 269 
345 280 
357 294.479
319 282.238 
329 291 
340 278 
330 269.238
310 300.154 
307 278 
323 276 
326 298.154
293 270.674 
285 291 
307 300 
315 279.674
272 280.836 
297 275 
293 258 
268 263.836
286 235.195 
306 251 
294 266 
274 250.195
290 232.616 
296 255 
314 250 
308 227.616
318 228.2 
309 247 
325 255 
334 236.2
346 242.758 
326 247 
331 270 
351 265.758
358 251.814 
356 273 
344 272 
346 250.814
350 295.524 
341 282 
352 275 
361 288.524
