284 219.545 
384 257.545 
393 235 
293 197
289 228.9 
385 260.9 
394 233 
298 201
296 233.579 
384 269.579 
397 238 
309 202
301 223.112 
384 265.112 
397 240 
314 198
301 233.726 
382 259.726 
394 221 
313 195
285 247.1 
378 278.1 
388 249 
295 218
280 254.288 
381 282.288 
391 247 
290 219
279 274.099 
385 294.099 
394 246 
288 226
283 256.835 
378 280.835 
389 239 
294 215
280 254.827 
381 288.827 
393 252 
292 218
377 242.63 
306 216 
315 192 
386 218.63
375 234.588 
312 197 
327 172 
390 209.588
377 224.811 
317 190 
332 164 
392 198.811
384 216.066 
312 201 
320 163 
392 178.066
339 186.369 
325 183 
330 162 
344 165.369
336 197.568 
321 195 
323 183 
338 185.568
326 218.74 
312 212 
321 193 
335 199.74
326 234.181 
306 229 
311 210 
331 215.181
371 275 
306 275 
306 251 
371 251
371 294 
300 294 
300 270 
371 270
372 311.446 
300 308 
301 287 
373 290.446
378 190.007 
361 188 
363 171 
380 173.007
378 214.295 
357 211 
361 185 
382 188.295
368 235.204 
351 227 
359 210 
376 218.204
367 244.474 
351 242 
353 229 
369 231.474
