329 255.384 
320 290.384 
307 287 
316 252
326 258.297 
323 288.297 
310 287 
313 257
333 215.759 
335 247.759 
315 249 
313 217
326 215.131 
335 253.131 
314 258 
305 220
339 257.824 
330 293.824 
311 289 
320 253
431 272.85 
389 200 
356 219 
398 291.85
385 305.194 
356 211 
311 225 
340 319.194
398 294.747 
367 206 
330 219 
361 307.747
364 309.064 
325 214 
279 233 
318 328.064
334 320.433 
292 227 
256 243 
298 336.433
367 287.647 
360 258 
348 261 
355 290.647
353 217.1 
351 246 
334 245 
336 216.1
304 223.942 
324 241 
311 256 
291 238.942
