238 139.5 
256 157 
237 176 
219 158.5
263 128.779 
272 149 
249 159 
240 138.779
285 117.945 
293 138 
269 147 
261 126.945
318 123.176 
312 146 
288 140 
294 117.176
313 122.514 
310 141 
329 144 
332 125.514
342 121.808 
327 142 
344 155 
359 134.808
362 133.357 
346 148 
363 166 
379 151.357
380 154.4 
360 161 
369 188 
389 181.4
391 212.702 
366 205 
373 182 
398 189.702
388 220.906 
369 204 
351 224 
370 240.906
373 248.27 
355 223 
333 239 
351 264.27
322 271.499 
313 242 
338 234 
347 263.499
326 274.546 
318 244 
296 250 
304 280.546
275 274.418 
279 247 
304 251 
300 278.418
251 267.983 
262 243 
283 252 
272 276.983
229 258.797 
245 236 
266 251 
250 273.797
213 184.896 
233 191 
240 168 
220 161.896
203 207.946 
229 210 
231 185 
205 182.946
215 234.293 
232 227 
223 206 
206 213.293
215 240.415 
228 223 
249 239 
236 256.415
