380 304.706 
359 292 
344 317 
365 329.706
375 271.558 
355 273 
357 301 
377 299.558
356 246.701 
342 265 
359 278 
373 259.701
331 235.973 
325 256 
351 264 
357 243.973
307 235.477 
310 258 
334 255 
331 232.477
288 234.185 
293 258 
315 253 
310 229.185
275 244.2 
285 261 
299 253 
289 236.2
262 261.559 
278 272 
291 252 
275 241.559
252 281.242 
273 288 
281 263 
260 256.242
250 308.028 
275 305 
272 280 
247 283.028
273 303.132 
255 316 
268 334 
286 321.132
282 315.82 
270 338 
293 350 
305 327.82
297 320.458 
289 348 
307 353 
315 325.458
313 352 
309 328 
333 324 
337 348
361 333.944 
346 313 
327 327 
342 347.944
