286 268.304 
350 245.304 
343 226 
279 249
280 260.9 
345 237.9 
337 214 
272 237
262 252.986 
342 250.986 
341 229 
261 231
271 253.112 
351 227.112 
345 209 
265 235
344 206.311 
314 209 
313 198 
343 195.311
339 224.176 
310 217 
312 209 
341 216.176
313 235.222 
312 217 
294 218 
295 236.222
286 240 
293 219 
281 215 
274 236
259 218.552 
279 215 
277 204 
257 207.552
276 176.069 
291 194 
278 205 
263 187.069
303 172.107 
304 193 
290 194 
289 173.107
321 175.6 
311 196 
303 192 
313 171.6
