287 242.502 
377 264.502 
385 232 
295 210
305 232.993 
379 231.993 
378 193 
304 194
294 217.193 
379 254.193 
393 221 
308 184
295 239.405 
384 252.405 
391 204 
302 191
387 209.285 
306 195 
312 161 
393 175.285
377 239.236 
301 221 
307 196 
383 214.236
369 272.075 
293 258 
300 220 
376 234.075
374 294.968 
290 284 
293 261 
377 271.968
368 318.159 
283 309 
286 281 
371 290.159
324 286.169 
303 283 
306 263 
327 266.169
325 304 
302 304 
302 288 
325 288
326 290.444 
301 292 
300 276 
325 274.444
358 289.941 
342 286 
346 270 
362 273.941
358 301.235 
341 297 
344 285 
361 289.235
359 302 
341 302 
341 294 
359 294
