290 233.191 
375 243.191 
379 206 
294 196
274 239.281 
356 260.281 
365 227 
283 206
284 261.828 
376 265.828 
378 221 
286 217
279 251.793 
369 264.793 
378 200 
288 187
278 279.016 
382 280.016 
382 246 
278 245
365 222.914 
287 203 
297 164 
375 183.914
369 189.207 
294 192 
293 165 
368 162.207
369 309.742 
276 301 
279 269 
372 277.742
312 286.248 
294 288 
292 268 
310 266.248
312 312.363 
292 311 
294 282 
314 283.363
353 294.574 
327 292 
329 272 
355 274.574
358 307 
332 307 
332 285 
358 285
