295 227.858 
314 234 
322 209 
303 202.858
291 259.066 
312 261 
315 228 
294 226.066
284 275.127 
307 280 
313 252 
290 247.127
286 301.992 
303 303 
305 270 
288 268.992
352 228.512 
330 231 
327 204 
349 201.512
346 219.6 
330 222 
334 249 
350 246.6
351 239.391 
335 240 
336 266 
352 265.391
354 260.38 
336 263 
339 284 
357 281.38
358 277.782 
343 277 
342 296 
357 296.782
354 344.5 
325 315 
340 300 
369 329.5
290 337.222 
317 313 
302 296 
275 320.222
361 244.478 
293 239 
296 202 
364 207.478
361 267.588 
288 262 
291 223 
364 228.588
362 296 
286 296 
286 263 
362 263
