308 320.673 
327 281.673 
311 274 
292 313
316 316.047 
330 282.047 
315 276 
301 310
336 322.682 
347 280.682 
321 274 
310 316
335 322.862 
344 287.862 
310 279 
301 314
347 284.977 
342 303 
320 297 
325 278.977
341 324.163 
345 303 
316 297 
312 318.163
322 224 
322 242 
313 242 
313 224
332 231 
322 243 
316 238 
326 226
307 229.081 
319 238 
314 245 
302 236.081
333 251.814 
322 239 
314 246 
325 258.814
300 279.526 
280 261 
298 242 
318 260.526
288 304.5 
294 277 
314 281 
308 308.5
263 286.028 
273 266 
252 255 
242 275.028
265 301.034 
257 280 
227 292 
235 313.034
