311 332.379 
352 299.379 
327 268 
286 301
328 274.673 
326 292 
316 291 
318 273.673
339 287.604 
324 296 
319 287 
334 278.604
315 272.615 
324 286 
312 294 
303 280.615
340 301.49 
322 300 
323 288 
341 289.49
335 308.849 
330 291 
317 295 
322 312.849
319 314.621 
326 299 
314 294 
307 309.621
300 297.317 
317 299 
318 289 
301 287.317
319 323.218 
292 282 
324 261 
351 302.218
339 317.017 
340 266 
303 265 
302 316.017
353 308.267 
292 310 
291 275 
352 273.267
298 269.787 
349 290 
336 323 
285 302.787
327 327.036 
352 290 
321 269 
296 306.036
