296 270.376 
304 322.376 
274 327 
266 275
289 275.135 
293 326.135 
269 328 
265 277
291 275.915 
297 326.915 
271 330 
265 279
294 275.359 
297 326.359 
269 328 
266 277
328 232.344 
297 275.344 
284 266 
315 223
326 230.505 
299 279.505 
285 272 
312 223
335 246.672 
302 285.672 
278 265 
311 226
287 324.707 
289 304 
264 302 
262 322.707
295 289.189 
292 308 
262 303 
265 284.189
324 248.592 
313 264 
290 247 
301 231.592
300 279.659 
314 261 
295 247 
281 265.659
324 321.2 
344 282 
324 272 
304 311.2
378 313 
378 284 
349 284 
349 313
365 343.091 
379 316 
358 305 
344 332.091
