386 235.185 
385 256 
411 257 
412 236.185
359 238.024 
361 258 
388 255 
386 235.024
343 237.241 
342 256 
366 257 
367 238.241
327 236.097 
326 252 
345 253 
346 237.097
387 260.948 
394 281 
417 273 
410 252.948
370 271.305 
375 286 
400 278 
395 263.305
346 269 
349 287 
379 282 
376 264
326 274.531 
329 290 
360 283 
357 267.531
304 274.062 
303 289 
334 291 
335 276.062
296 319.026 
328 281 
308 264 
276 302.026
313 221.842 
331 251 
312 263 
294 233.842
415 315.744 
418 231 
368 229 
365 313.744
387 310.544 
393 233 
343 229 
337 306.544
354 315.355 
360 231 
318 228 
312 312.355
326 310.223 
331 231 
287 228 
282 307.223
