234 229.915 
337 262.915 
349 227 
246 194
233 225.238 
334 258.238 
346 223 
245 190
233 245.021 
337 259.021 
344 205 
240 191
241 241.671 
342 258.671 
349 217 
248 200
335 291.362 
244 300 
240 258 
331 249.362
328 218.397 
252 190 
267 150 
343 178.397
274 196.849 
255 190 
261 173 
280 179.849
270 220.877 
246 212 
252 196 
276 204.877
265 237.6 
246 228 
254 212 
273 221.6
318 202.439 
300 193 
308 178 
326 187.439
311 223.168 
292 213 
301 196 
320 206.168
307 235.2 
289 226 
297 210 
315 219.2
285 289.552 
265 299 
256 280 
276 270.552
278 267 
256 278 
249 264 
271 253
272 259.303 
255 267 
244 242 
261 234.303
290 292.732 
266 301 
256 272 
280 263.732
298 270.124 
315 262 
308 247 
291 255.124
302 281.645 
315 274 
304 255 
291 262.645
301 300.241 
321 293 
313 271 
293 278.241
297 272.77 
315 264 
303 239 
285 247.77
