299 267.079 
334 290.079 
346 272 
311 249
306 259.746 
340 278.746 
351 259 
317 240
284 270.2 
317 308.2 
338 290 
305 252
292 269.355 
289 311.355 
270 310 
273 268
349 225.065 
324 249.065 
303 227 
328 203
327 303.036 
309 265 
284 277 
302 315.036
346 262.037 
318 261 
319 234 
347 235.037
268 308.1 
279 276 
261 270 
250 302.1
244 299.5 
269 274 
256 261 
231 286.5
229 278.031 
254 264 
246 250 
221 264.031
321 236.607 
328 207 
307 202 
300 231.607
304 226.928 
305 201 
286 200 
285 225.928
285 229 
285 201 
257 201 
257 229
