361 139.731 
343 154 
357 172 
375 157.731
338 122.023 
327 139 
347 152 
358 135.023
310 113.484 
307 137 
335 140 
338 116.484
290 113.531 
292 136 
319 134 
317 111.531
269 115.5 
277 141 
307 131 
299 105.5
252 121.744 
262 145 
285 135 
275 111.744
236 128.418 
250 151 
272 137 
258 114.418
222 138.373 
240 160 
257 146 
239 124.373
213 171.041 
238 179 
245 157 
220 149.041
200 191.442 
224 196 
229 170 
205 165.442
203 219.248 
229 211 
222 189 
196 197.248
229 247.312 
246 227 
224 209 
207 229.312
257 256.369 
264 232 
242 226 
235 250.369
286 263.816 
289 237 
260 234 
257 260.816
316 261.7 
306 232 
282 240 
292 269.7
337 254.081 
324 227 
305 236 
318 263.081
358 228.5 
341 212 
323 230 
340 246.5
374 209.606 
359 195 
340 215 
355 229.606
382 195.76 
360 197 
358 162 
380 160.76
