333 240.666 
318 254 
337 276 
352 262.666
311 224.18 
300 246 
325 259 
336 237.18
286 219.113 
281 244 
308 249 
313 224.113
262 220.706 
264 247 
292 245 
290 218.706
243 230.124 
251 251 
273 243 
265 222.124
223 234.617 
233 256 
257 245 
247 223.617
208 244.336 
222 264 
242 250 
228 230.336
194 264.2 
212 277 
228 255 
210 242.2
176 279.595 
202 292 
213 269 
187 256.595
177 306.905 
200 308 
201 287 
178 285.905
180 331.642 
203 325 
197 304 
174 310.642
201 325.905 
178 336 
188 359 
211 348.905
209 342.5 
192 359 
209 376 
226 359.5
219 353.234 
209 372 
241 389 
251 370.234
246 370.324 
244 393 
268 395 
270 372.324
277 394.301 
267 368 
291 359 
301 385.301
300 380.6 
289 359 
311 348 
322 369.6
324 366.5 
307 350 
323 334 
340 350.5
344 354.36 
324 339 
339 319 
359 334.36
362 324.378 
341 322 
344 295 
365 297.378
358 269.414 
339 277 
347 297 
366 289.414
354 254.684 
333 264 
343 287 
364 277.684
