326 246.938 
317 266 
339 276 
348 256.938
313 238.048 
303 258 
324 268 
334 248.048
287 230.527 
282 250 
307 257 
312 237.527
272 225.804 
264 240 
280 249 
288 234.804
257 216.814 
252 236 
270 241 
275 221.814
298 275.717 
288 293 
310 306 
320 288.717
280 269.161 
273 284 
299 296 
306 281.161
266 252.089 
254 269 
276 284 
288 267.089
249 240.589 
238 256 
263 274 
274 258.589
333 330 
333 292 
314 292 
314 330
372 266.015 
344 285 
331 266 
359 247.015
270 297.864 
309 231 
275 211 
236 277.864
313 320.462 
341 242 
307 230 
279 308.462
292 310.836 
329 230 
298 216 
261 296.836
332 336.739 
375 262 
342 243 
299 317.739
364 349.6 
401 276 
365 258 
328 331.6
