341 283.806 
317 330.806 
296 320 
320 273
337 293.645 
312 331.645 
296 321 
321 283
344 305.134 
309 336.134 
290 315 
325 284
344 302.732 
313 330.732 
294 310 
325 282
329 225.917 
350 261.917 
333 272 
312 236
334 219.8 
357 265.8 
337 276 
314 230
332 220.374 
359 263.374 
337 277 
310 234
335 222.6 
356 264.6 
335 275 
314 233
317 334.693 
330 324 
321 313 
308 323.693
341 328.6 
323 326 
325 312 
343 314.6
329 332 
329 320 
317 320 
317 332
345 306.968 
331 322 
320 312 
334 296.968
354 265.685 
348 251 
324 260 
330 274.685
342 233.596 
348 249 
323 258 
317 242.596
280 286.379 
289 265 
264 255 
255 276.379
259 276.9 
265 258 
235 248 
229 266.9
266 304.129 
252 284 
229 300 
243 320.129
269 274.917 
285 296 
268 309 
252 287.917
287 297.743 
309 282 
319 296 
297 311.743
313 251.346 
324 274 
305 283 
294 260.346
