375 284.995 
353 327.995 
330 316 
352 273
400 305.67 
368 349.67 
329 321 
361 277
247 306.005 
291 346.005 
310 325 
266 285
251 306.521 
277 347.521 
311 326 
285 285
270 287.438 
290 303 
276 321 
256 305.438
308 310.747 
294 299 
278 318 
292 329.747
371 282.392 
364 299 
346 291 
353 274.392
353 318.956 
363 302 
346 292 
336 308.956
388 291.563 
367 326 
329 303 
350 268.563
278 284.163 
310 307 
287 339 
255 316.163
308 272.04 
295 289 
279 277 
292 260.04
297 261.899 
283 280 
261 263 
275 244.899
326 250.36 
346 265 
334 281 
314 266.36
339 234.385 
355 245 
341 266 
325 255.385
