273 292.929 
332 308.929 
340 281 
281 265
263 275.625 
328 306.625 
337 288 
272 257
266 298.766 
325 313.766 
335 275 
276 260
258 289.1 
321 310.1 
333 275 
270 254
327 309.894 
311 306 
317 281 
333 284.894
330 294.059 
316 288 
309 304 
323 310.059
336 294.944 
320 285 
305 309 
321 318.944
284 272.4 
292 288 
282 293 
274 277.4
275 277.465 
287 284 
281 295 
269 288.465
264 293.287 
281 284 
287 295 
270 304.287
291 308 
291 294 
277 294 
277 308
327 289.402 
292 267 
303 250 
338 272.402
340 248.118 
308 240 
303 260 
335 268.118
339 220.634 
305 224 
307 244 
341 240.634
345 218.22 
308 213 
304 241 
341 246.22
349 203.346 
312 196 
306 226 
343 233.346
