300 239.683 
343 263.683 
336 277 
293 253
307 229.2 
342 249.2 
332 266 
297 246
312 230.417 
344 257.417 
328 276 
296 249
308 228.024 
342 251.024 
328 271 
294 248
340 249.224 
321 240 
311 261 
330 270.224
304 229.909 
325 241 
313 264 
292 252.909
287 261.506 
271 258 
273 249 
289 252.506
287 236.921 
276 254 
268 249 
279 231.921
273 234.079 
275 252 
265 253 
263 235.079
256 240.424 
272 244 
270 253 
254 249.424
255 261.317 
265 249 
275 257 
265 269.317
300 279.954 
269 294 
258 270 
289 255.954
297 254.724 
326 276 
310 298 
281 276.724
312 322.3 
263 306 
270 285 
319 301.3
263 348.762 
245 333 
263 313 
281 328.762
263 354.618 
293 362 
301 329 
271 321.618
